MobileNetV3: 19.70782944187522mm
ViViT-MobileNetV3: 19.609713196754454mm